256
8
1
1
126242
129024
126224
125886
141308
126514
141172
141174
141176
141178
141180
141182
141184
141186
141304
141306
126308
126700
125652
126707
125928
126776
141308
125704
126926
129030
126488
129032
126576
126254
126196
126454
129032
129034
126966
129036
129036
129038
126946
129040
129040
129042
126942
129044
129044
129046
126954
129048
129048
129052
129052
129056
129056
129060
129060
129064
129064
129068
129068
129072
125652
126707
126378
141236
141236
141236
141236
141236
141236
141236
141236
141236
141236
141236
141236
126544
126962
126072
125948
126706
125976
141168
141128
141130
141132
125716
126922
141128
141130
141132
141128
141130
141132
125716
126922
141128
141130
141132
141128
141130
141132
125716
126922
141128
141130
141132
141168
125928
126776
126116
141168
141160
141162
141164
141166
126308
126700
126707
126046
126708
126502
141152
141154
141156
141156
141156
141156
125668
141148
126046
126708
125962
141148
141152
141154
125624
126968
126512
126970
125928
126776
125888
141152
141154
141156
126580
126406
126152
125896
126706
141152
141154
141156
125838
141144
141146
141148
141150
141152
125908
126936
126576
126966
125744
141132
141134
141136
141138
141140
141142
126516
98134
125928
126776
98134
98134
98134
98134
125928
126776
129030
141132
141134
141136
141138
141140
141142
98136
126444
126950
125744
141132
141134
141136
141138
141140
141142
126516
98136
98138
98140
125928
126776
98136
98136
98136
98136
125928
126776
129030
141132
141134
141136
141138
141140
141142
126036
141128
141130
141132
141134
141136
141138
141140
125972
126938
125788
126928
125660
127878
127880
126800
126798
125848
141120
141122
141124
141126
125612
126688
141116
141118
125612
126688
141104
141106
141108
141110
126694
126694
141100
141102
127857
127854
127850
126200
126576
126966
126966
127859
141100
141102
125612
126688
126766
126578
126692
126768
126466
126756
126770
126624
126688
126622
126692
126620
126756
125924
125828
127282
127844
125828
127868
126222
126760
125874
126674
126618
126616
126614
126154
141088
141090
141092
141094
141096
141098
141100
141102
125848
141080
141082
141084
141086
125612
126688
141076
126326
141064
141066
141068
141070
141072
141074
127300
127354
141060
127300
127334
127332
127338
127336
127342
127340
127346
127344
127350
127348
127354
127352
127358
127356
127362
127360
127366
127364
127370
127368
127374
127372
127378
127376
127382
127380
127386
127384
127390
127388
127394
127392
127398
127396
127402
127400
127406
127404
127410
127408
127414
127412
127418
127416
127422
127420
127426
127424
127430
127428
127434
127432
127438
127436
127442
127440
127446
127444
127450
127448
127454
127452
127458
127456
127462
127460
127466
127464
127470
127468
127474
127472
127478
127476
127482
127480
127486
127484
127490
127488
127494
127492
127498
127496
127502
127500
127506
127504
127510
127508
127514
127512
127518
127516
127522
127520
127526
127524
127530
127528
127534
127532
127538
127536
127542
127540
127546
127544
127550
127548
127554
127552
127558
127556
127562
127560
127566
127564
127570
127568
127574
127572
127578
127576
127582
127580
127586
127584
127590
127588
127594
127592
127598
127596
127602
127600
127606
127604
127610
127608
127614
127612
127618
127616
127622
127620
127626
127624
127630
127628
127634
127632
127638
127636
127642
127640
127646
127644
127650
127648
127654
127652
127658
127656
127662
127660
127666
127664
127670
127668
127674
127672
127678
127676
127682
127680
127686
127684
127690
127688
127694
127692
127698
127696
127702
127700
127706
127704
127710
127708
127714
127712
127718
127716
127722
127720
127726
127724
127730
127728
127734
127732
127738
127736
127742
127740
127746
127744
127750
127748
127754
127752
127758
127756
127762
127760
127766
127764
127770
127768
127774
127772
127778
127776
127782
127780
127786
127784
127790
127788
127794
127792
127798
127796
127802
127800
127806
127804
127810
127808
127814
127812
127818
127816
127822
127820
127826
127824
127830
127828
127834
127832
127838
127836
127300
127300
127324
141060
127334
127840
127841
127841
127842
127842
127843
127843
127324
127330
127300
141040
141042
141044
141046
141048
141050
141052
141054
127859
127854
127324
127330
141058
141056
127852
127300
126686
141036
126538
141028
141030
141032
126434
126974
126172
141026
141026
126434
126974
126434
126974
126172
141026
141026
126434
126974
141028
141030
141032
141036
141056
141056
125978
126758
141056
127866
141056
127866
127846
127846
141056
141058
127300
141056
141060
127300
141060
141056
126686
141036
126538
141028
141030
141032
126434
126974
125652
126707
126434
126974
141028
141030
141032
141036
141058
125978
126758
141058
141060
127324
141058
141314
127846
127846
127846
127848
127848
127324
141314
127324
141314
141326
141040
141042
141044
141046
141048
141050
141052
141054
141064
141066
141068
141070
141072
141074
141076
141080
141082
141084
141086
141320
141322
125848
141080
141082
141084
141086
125612
126688
141076
126326
141064
141066
141068
141070
141072
141074
127300
127310
127354
127334
127840
127841
127841
127842
127842
127843
127843
127324
141326
127324
141326
141338
141064
141066
141068
141070
141072
141074
141076
141080
141082
141084
141086
141332
141334
125848
141080
141082
141084
141086
125612
126688
141076
126326
141064
141066
141068
141070
141072
141074
127300
127310
127354
127334
127840
127841
127841
127842
127842
127843
127843
127324
141338
127324
141338
141350
141064
141066
141068
141070
141072
141074
141076
141080
141082
141084
141086
141344
141346
125676
126024
119388
119386
141316
141318
119388
126022
119392
119390
141328
141330
119392
126020
119396
119394
141340
141342
119396
125988
141088
141090
141092
141094
141096
141098
141100
141102
126766
125612
126688
126768
126578
126692
126770
126466
126756
125948
126706
125906
126776
141112
141112
129030
125622
126754
126694
141104
141106
141108
141110
126134
141108
141110
141112
141114
125612
126688
126122
126760
126004
127282
127282
126326
141096
141098
141100
141102
141104
141106
127300
127306
127346
127334
127840
127841
127841
127842
127842
127843
127843
127324
141350
127324
141350
141358
141096
141098
141100
141102
141104
141106
125988
127282
141108
141110
141112
141114
141116
141118
141120
141122
141124
141126
127898
126800
98878
127898
125848
141120
141122
141124
141126
125612
126688
126122
126760
126004
127282
127282
126326
141108
141110
141112
141114
141116
141118
127300
127300
127334
127634
127842
127843
127843
127324
141358
127324
141358
141682
141108
141110
141112
141114
141116
141118
125988
127282
141120
141122
141124
141126
141352
127898
141352
127900
127898
141352
126524
126960
141352
141362
141364
141366
99114
141368
141366
99110
126800
141370
126800
141360
141354
141382
141384
141386
99116
141388
141386
99110
126800
141390
126800
141380
126804
141356
127894
126524
126960
126374
126948
141128
141130
141132
141134
141136
141138
141140
125744
141132
141134
141136
141138
141140
141142
126516
98140
98142
125928
126776
98140
98140
98140
98140
125928
126776
129030
141132
141134
141136
141138
141140
141142
98136
126018
126940
125744
141132
141134
141136
141138
141140
141142
126516
98142
98144
98146
125928
126776
98142
98142
98142
98142
125928
126776
129030
141132
141134
141136
141138
141140
141142
98136
125946
126937
125744
141132
141134
141136
141138
141140
141142
126516
98146
98148
98150
125928
126776
98146
98146
98146
98146
125928
126776
129030
141132
141134
141136
141138
141140
141142
98136
126264
126947
125948
126706
125744
141132
141134
141136
141138
141140
141142
126516
98156
98158
98160
125928
126776
98156
98158
98156
98158
125928
126776
129030
141132
141134
141136
141138
141140
141142
125972
126938
141144
141146
141148
141150
141152
125678
141152
141154
141156
129026
125974
129076
129078
129080
129082
129084
129086
126716
129026
126714
141152
141154
141156
141160
141162
141164
141166
141168
126168
141164
141166
141168
141170
125878
141156
141158
141160
125676
126678
127024
127024
127024
127026
125988
141156
141158
141160
127026
127028
127030
127032
141164
141166
141168
141170
141306
141164
141166
141168
141170
126352
126556
125954
126598
141160
141162
126604
126570
141156
125590
141156
126670
125582
141158
141156
141156
141158
141160
141162
126262
126498
141164
141166
141168
141170
125928
126776
141304
141168
141170
125640
141136
141156
141158
141160
141162
141164
141166
141144
141146
141148
141150
141152
141154
141140
141142
125644
126682
141142
126584
140724
140726
140728
140730
140732
140734
140736
140738
140740
140742
141056
141064
126458
126336
126922
125748
127882
141070
119152
119162
119162
119162
119120
119152
119162
119162
119120
141060
141058
140740
141000
140742
141002
141068
140996
97956
126122
125936
140996
97956
97956
140996
97956
97956
140996
97956
97956
140996
97956
97956
140996
97956
97956
140996
97956
97956
140996
97956
97956
140996
97956
97958
140996
97958
97958
140996
97958
97958
140996
97958
97958
140996
97958
97958
140996
97958
97958
141062
141030
141072
119120
126232
141072
141072
119120
125836
140720
125676
140720
119174
141062
120062
140708
140710
140712
140714
140716
140718
140720
119132
119130
119120
119174
120054
140700
140702
140704
119120
119120
119128
126450
140696
140698
119134
119120
119174
120074
140656
140658
140660
119148
119174
120084
140652
119148
126402
140624
140626
140628
140630
140620
140632
140664
140633
140666
140634
140668
140635
140669
140636
140670
140637
140671
140638
140672
140640
140674
140642
140676
140644
140678
140646
140680
140649
140682
140648
140684
140650
140685
140651
140686
140687
140688
140690
140692
140694
140620
140624
140626
140628
140630
140652
140668
140672
119120
119120
140684
125734
126310
140644
140646
140648
140650
140652
119134
119134
119136
119120
119120
140644
140646
140648
140650
140652
140656
140658
140660
140696
140698
119134
119126
119122
119124
119122
119136
119122
119130
119128
119136
119132
119124
119122
119126
119120
119120
119162
119132
119130
119128
140696
140698
140696
140698
140700
140702
140704
119136
119134
126522
140700
140702
140704
140706
140700
140702
140704
140706
125804
140696
140698
140700
140702
140704
140706
119132
119130
119174
97956
120054
140688
140690
140692
119120
119120
119128
119130
119136
119130
143360
143360
119130
119120
119120
140688
140690
140692
119132
119130
119174
97956
120054
140688
140690
140692
119120
119120
119128
119130
119136
119130
143360
143360
119130
119120
119120
140688
140690
140692
119132
119130
119174
97956
120054
140688
140690
140692
119120
119120
119128
119130
119136
119130
143360
143360
119130
119120
119120
140688
140690
140692
119132
119130
119174
97956
120054
140688
140690
140692
119120
119120
119128
119130
119136
119130
143360
143360
119130
119120
119120
140688
140690
140692
119132
119130
119174
97956
120054
140688
140690
140692
119120
119120
119128
119130
119136
119130
143360
143360
119130
119120
119120
140688
140690
140692
119132
119130
119174
97956
120054
140688
140690
140692
119120
119120
119128
119130
119136
119130
143360
143360
119130
119120
119120
140688
140690
140692
119132
119130
119174
97956
120054
140688
140690
140692
119120
119120
119128
119130
119136
119130
143360
143360
119130
119120
119120
140688
140690
140692
119132
119130
119174
97956
120054
140688
140690
140692
119120
119120
119128
119130
119136
119130
143360
143360
119130
119120
119120
140688
140690
140692
119132
119130
119174
97958
120054
140688
140690
140692
119120
119120
119128
119130
119136
119130
143362
143362
119130
119120
119120
140688
140690
140692
119132
119130
119174
97958
120054
140688
140690
140692
119120
119120
119128
119130
119136
119130
143362
143362
119130
119120
119120
140688
140690
140692
119132
119130
119174
97958
120054
140688
140690
140692
119120
119120
119128
119130
119136
119130
143362
143362
119130
119120
119120
140688
140690
140692
119132
119130
119174
97958
120054
140688
140690
140692
119120
119120
119128
119130
119136
119130
143362
143362
119130
119120
119120
140688
140690
140692
119132
119130
119174
97958
120054
140688
140690
140692
119120
119120
119128
119130
119136
119130
143362
143362
119130
119120
119120
119130
119128
140684
140686
140676
140678
140680
140682
119120
119124
119128
119174
120078
140664
140666
140668
140670
140672
119148
125726
126922
119156
140664
140666
140668
140670
140672
119152
119134
119126
119122
119124
119130
119128
119162
119120
119132
140676
140678
140680
140682
140684
140686
140688
140690
140692
119132
119130
140696
140698
140700
140702
140704
140706
140708
140710
140712
140714
140716
140718
140720
141062
141060
141060
141030
97958
141064
119120
125782
140720
125988
140720
141072
141060
140724
140726
140728
140730
140732
140734
140736
140738
141136
141168
141170
126464
141164
141166
141168
141170
125796
126678
126678
127024
126678
127024
127024
126678
127026
97989
127030
127028
141156
141158
141160
141162
125830
126214
126312
141152
141154
126606
141148
141144
126752
141146
126676
125588
126034
126752
126752
141144
141146
141148
141152
141154
141156
141158
141160
141162
125796
126678
127024
125796
126678
127022
126678
125796
126678
125984
126102
126102
118198
141160
141162
141156
141128
141130
141132
141134
141136
141138
141140
141142
126232
141152
125676
126784
126546
126712
126786
119268
125836
141124
125676
141124
119310
119278
119276
119300
119310
119268
125782
141124
125988
141124
126786
126784
119294
126786
119120
125836
141124
125676
141124
119162
119130
119128
119152
119162
119120
125782
141124
125988
141124
126786
126784
119146
126786
118972
125836
141124
125676
141124
119014
118982
118980
119004
119014
118972
125782
141124
125988
141124
126786
126784
118998
125988
141152
141128
141130
141132
141134
141136
141138
141140
141142
141156
141152
141154
141156
141158
126546
126712
119268
119310
119294
119120
119120
119162
119174
120070
141148
141150
125810
141140
141142
141144
141146
119174
120072
141132
141134
141136
119130
119128
119122
119124
119156
141132
141134
141136
119120
119120
141128
141130
141132
141134
141136
119134
119120
119136
126468
119134
119136
119120
119120
141128
141130
141132
141134
141136
119132
119130
119128
119124
119122
119126
141140
141142
141144
141146
119134
119132
119130
119128
119126
119122
119124
141148
141150
119162
119146
118972
118972
119014
118998
141152
141154
141156
141158
141160
141162
126510
141156
141158
141160
