5
5 3
0 0 1 0 0
0 0 1 1 0
1 1 0 0 1
0 1 0 0 1
0 0 1 1 0
6 1
0 1 1 0 0 0
1 0 0 0 1 0
1 0 0 0 1 0
0 0 0 0 1 1
0 1 1 1 0 0
0 0 0 1 0 0
7 2
0 0 1 0 0 1 0
0 0 0 0 0 1 0
1 0 0 0 1 0 1
0 0 0 0 0 1 0
0 0 1 0 0 0 0
1 1 0 1 0 0 0
0 0 1 0 0 0 0
8 5
0 1 0 0 0 1 0 0
1 0 0 0 0 0 1 0
0 0 0 1 0 0 1 1
0 0 1 0 0 0 0 0
0 0 0 0 0 1 1 0
1 0 0 0 1 0 0 0
0 1 1 0 1 0 0 0
0 0 1 0 0 0 0 0
9 4
0 0 0 0 1 1 1 0 0
0 0 0 0 0 1 0 0 0
0 0 0 0 0 0 1 1 1
0 0 0 0 1 0 0 0 0
1 0 0 1 0 0 0 0 0
1 1 0 0 0 0 0 0 0
1 0 1 0 0 0 0 0 1
0 0 1 0 0 0 0 0 0
0 0 1 0 0 0 1 0 0
