5
10 3
0 0 0 1 1 1 0 1 0 0
0 0 1 0 0 1 1 0 0 0
0 1 0 0 0 0 1 1 1 0
1 0 0 0 0 0 0 1 0 1
1 0 0 0 0 0 1 0 0 0
1 1 0 0 0 0 1 1 0 0
0 1 1 0 1 1 0 1 0 1
1 0 1 1 0 1 1 0 0 0
0 0 1 0 0 0 0 0 0 1
0 0 0 1 0 0 1 0 1 0
10 6
0 0 1 1 0 0 0 0 0 1
0 0 0 1 0 1 0 0 0 1
1 0 0 0 1 0 0 1 1 0
1 1 0 0 1 0 1 1 0 0
0 0 1 1 0 1 1 0 1 1
0 1 0 0 1 0 1 0 1 0
0 0 0 1 1 1 0 0 0 0
0 0 1 1 0 0 0 0 0 1
0 0 1 0 1 1 0 0 0 0
1 1 0 0 1 0 0 1 0 0
10 7
0 0 0 1 1 0 0 1 0 0
0 0 0 0 0 0 1 0 1 0
0 0 0 1 1 0 0 0 1 1
1 0 1 0 1 0 0 0 0 1
1 0 1 1 0 0 1 0 0 0
0 0 0 0 0 0 0 0 0 1
0 1 0 0 1 0 0 0 0 1
1 0 0 0 0 0 0 0 1 1
0 1 1 0 0 0 0 1 0 0
0 0 1 1 0 1 1 1 0 0
10 6
0 1 1 0 0 0 1 0 0 0
1 0 0 1 1 0 0 0 0 1
1 0 0 0 0 0 0 0 0 1
0 1 0 0 0 0 0 0 1 0
0 1 0 0 0 0 0 1 0 0
0 0 0 0 0 0 0 0 0 1
1 0 0 0 0 0 0 1 1 0
0 0 0 0 1 0 1 0 0 0
0 0 0 1 0 0 1 0 0 1
0 1 1 0 0 1 0 0 1 0
10 9
0 0 1 0 0 0 0 1 0 1
0 0 0 0 0 1 0 1 1 0
1 0 0 0 0 1 0 0 0 0
0 0 0 0 0 0 1 1 0 0
0 0 0 0 0 1 1 0 1 1
0 1 1 0 1 0 0 0 0 0
0 0 0 1 1 0 0 0 1 1
1 1 0 1 0 0 0 0 0 0
0 1 0 0 1 0 1 0 0 0
1 0 0 0 1 0 1 0 0 0
